#FORMAT	     : EMSA/MAS Spectral Data File
#VERSION     : 1.0
#TITLE       : 1.5E12
#DATE        : 
#TIME        : 
#OWNER       : 
#NPOINTS     : 300
#NCOLUMNS    : 1
#XUNITS      : nm
#YUNITS      : counts
#DATATYPE    : XY
#XPERCHAN    : 2.000000e+000
#OFFSET      : 2.500159e+002
#SIGNALTYPE  : CLS
#SPECTRUM    : Spectral Data Starts Here
2.500159e+002, 2.584000e+003
2.520159e+002, 2.559333e+003
2.540159e+002, 2.636000e+003
2.560159e+002, 2.754667e+003
2.580159e+002, 2.805333e+003
2.600159e+002, 2.778667e+003
2.620159e+002, 2.942000e+003
2.640159e+002, 3.062000e+003
2.660159e+002, 3.108000e+003
2.680159e+002, 3.263333e+003
2.700159e+002, 3.428667e+003
2.720159e+002, 3.306667e+003
2.740159e+002, 3.516000e+003
2.760159e+002, 3.567333e+003
2.780159e+002, 3.613333e+003
2.800159e+002, 3.752000e+003
2.820159e+002, 3.656667e+003
2.840159e+002, 3.650667e+003
2.860159e+002, 3.586667e+003
2.880159e+002, 3.491333e+003
2.900159e+002, 3.491333e+003
2.920159e+002, 3.525333e+003
2.940159e+002, 3.461333e+003
2.960159e+002, 3.406667e+003
2.980159e+002, 3.405333e+003
3.000159e+002, 3.296000e+003
3.020159e+002, 3.329333e+003
3.040159e+002, 3.338000e+003
3.060159e+002, 3.388667e+003
3.080159e+002, 3.322667e+003
3.100159e+002, 3.292667e+003
3.120159e+002, 3.344667e+003
3.140159e+002, 3.268667e+003
3.160159e+002, 3.236000e+003
3.180159e+002, 3.166667e+003
3.200159e+002, 3.080000e+003
3.220159e+002, 3.063333e+003
3.240159e+002, 3.130000e+003
3.260159e+002, 3.092000e+003
3.280159e+002, 3.119333e+003
3.300159e+002, 3.167333e+003
3.320159e+002, 3.064000e+003
3.340159e+002, 3.195333e+003
3.360159e+002, 3.082000e+003
3.380159e+002, 3.103333e+003
3.400159e+002, 3.110667e+003
3.420159e+002, 3.156667e+003
3.440159e+002, 3.125333e+003
3.460159e+002, 3.196667e+003
3.480159e+002, 3.164667e+003
3.500159e+002, 3.263333e+003
3.520159e+002, 3.281333e+003
3.540159e+002, 3.314000e+003
3.560159e+002, 3.394000e+003
3.580159e+002, 3.429333e+003
3.600159e+002, 3.461333e+003
3.620159e+002, 3.467333e+003
3.640159e+002, 3.476667e+003
3.660159e+002, 3.639333e+003
3.680159e+002, 3.618000e+003
3.700159e+002, 3.693333e+003
3.720159e+002, 3.692667e+003
3.740159e+002, 3.868667e+003
3.760159e+002, 3.956000e+003
3.780159e+002, 4.051333e+003
3.800159e+002, 4.156000e+003
3.820159e+002, 4.274000e+003
3.840159e+002, 4.524000e+003
3.860159e+002, 4.778000e+003
3.880159e+002, 4.960000e+003
3.900159e+002, 5.238000e+003
3.920159e+002, 5.703333e+003
3.940159e+002, 6.229333e+003
3.960159e+002, 6.728667e+003
3.980159e+002, 7.342000e+003
4.000159e+002, 7.984000e+003
4.020159e+002, 8.544667e+003
4.040159e+002, 9.742000e+003
4.060159e+002, 1.066067e+004
4.080159e+002, 1.182600e+004
4.100159e+002, 1.339933e+004
4.120159e+002, 1.448867e+004
4.140159e+002, 1.617133e+004
4.160159e+002, 1.779667e+004
4.180159e+002, 1.926133e+004
4.200159e+002, 2.078133e+004
4.220159e+002, 2.248933e+004
4.240159e+002, 2.427000e+004
4.260159e+002, 2.591400e+004
4.280159e+002, 2.753800e+004
4.300159e+002, 2.897133e+004
4.320159e+002, 2.999600e+004
4.340159e+002, 3.114867e+004
4.360159e+002, 3.215667e+004
4.380159e+002, 3.233000e+004
4.400159e+002, 3.231000e+004
4.420159e+002, 3.224733e+004
4.440159e+002, 3.198200e+004
4.460159e+002, 3.247067e+004
4.480159e+002, 3.278267e+004
4.500159e+002, 3.359800e+004
4.520159e+002, 3.459733e+004
4.540159e+002, 3.593067e+004
4.560159e+002, 3.702133e+004
4.580159e+002, 3.788533e+004
4.600159e+002, 3.841133e+004
4.620159e+002, 3.888067e+004
4.640159e+002, 3.939267e+004
4.660159e+002, 3.962667e+004
4.680159e+002, 3.945800e+004
4.700159e+002, 3.909733e+004
4.720159e+002, 3.859067e+004
4.740159e+002, 3.859933e+004
4.760159e+002, 3.784467e+004
4.780159e+002, 3.720000e+004
4.800159e+002, 3.709600e+004
4.820159e+002, 3.685733e+004
4.840159e+002, 3.607200e+004
4.860159e+002, 3.580733e+004
4.880159e+002, 3.484800e+004
4.900159e+002, 3.419800e+004
4.920159e+002, 3.391400e+004
4.940159e+002, 3.327467e+004
4.960159e+002, 3.281533e+004
4.980159e+002, 3.244533e+004
5.000159e+002, 3.188733e+004
5.020159e+002, 3.125467e+004
5.040159e+002, 3.099467e+004
5.060159e+002, 3.043067e+004
5.080159e+002, 2.997200e+004
5.100159e+002, 2.981533e+004
5.120159e+002, 2.914200e+004
5.140159e+002, 2.870800e+004
5.160159e+002, 2.797267e+004
5.180159e+002, 2.756933e+004
5.200159e+002, 2.717067e+004
5.220159e+002, 2.691600e+004
5.240159e+002, 2.654467e+004
5.260159e+002, 2.620000e+004
5.280159e+002, 2.598467e+004
5.300159e+002, 2.583733e+004
5.320159e+002, 2.538067e+004
5.340159e+002, 2.509467e+004
5.360159e+002, 2.467267e+004
5.380159e+002, 2.450733e+004
5.400159e+002, 2.389800e+004
5.420159e+002, 2.403400e+004
5.440159e+002, 2.358400e+004
5.460159e+002, 2.338133e+004
5.480159e+002, 2.325467e+004
5.500159e+002, 2.281267e+004
5.520159e+002, 2.252933e+004
5.540159e+002, 2.223867e+004
5.560159e+002, 2.221733e+004
5.580159e+002, 2.186667e+004
5.600159e+002, 2.179333e+004
5.620159e+002, 2.126333e+004
5.640159e+002, 2.129000e+004
5.660159e+002, 2.093000e+004
5.680159e+002, 2.049667e+004
5.700159e+002, 2.047933e+004
5.720159e+002, 2.012667e+004
5.740159e+002, 1.975400e+004
5.760159e+002, 1.950067e+004
5.780159e+002, 1.937200e+004
5.800159e+002, 1.905000e+004
5.820159e+002, 1.899133e+004
5.840159e+002, 1.886200e+004
5.860159e+002, 1.840800e+004
5.880159e+002, 1.831067e+004
5.900159e+002, 1.811267e+004
5.920159e+002, 1.791467e+004
5.940159e+002, 1.763933e+004
5.960159e+002, 1.752467e+004
5.980159e+002, 1.707467e+004
6.000159e+002, 1.708067e+004
6.020159e+002, 1.666867e+004
6.040159e+002, 1.678733e+004
6.060159e+002, 1.649067e+004
6.080159e+002, 1.618667e+004
6.100159e+002, 1.594867e+004
6.120159e+002, 1.579333e+004
6.140159e+002, 1.593533e+004
6.160159e+002, 1.593933e+004
6.180159e+002, 1.599000e+004
6.200159e+002, 1.586467e+004
6.220159e+002, 1.574400e+004
6.240159e+002, 1.564667e+004
6.260159e+002, 1.559133e+004
6.280159e+002, 1.554667e+004
6.300159e+002, 1.552400e+004
6.320159e+002, 1.558000e+004
6.340159e+002, 1.549600e+004
6.360159e+002, 1.552600e+004
6.380159e+002, 1.547800e+004
6.400159e+002, 1.524800e+004
6.420159e+002, 1.500733e+004
6.440159e+002, 1.517667e+004
6.460159e+002, 1.501600e+004
6.480159e+002, 1.455200e+004
6.500159e+002, 1.449133e+004
6.520159e+002, 1.444000e+004
6.540159e+002, 1.419333e+004
6.560159e+002, 1.401000e+004
6.580159e+002, 1.333000e+004
6.600159e+002, 1.309800e+004
6.620159e+002, 1.278333e+004
6.640159e+002, 1.257000e+004
6.660159e+002, 1.232400e+004
6.680159e+002, 1.202733e+004
6.700159e+002, 1.179400e+004
6.720159e+002, 1.167867e+004
6.740159e+002, 1.119800e+004
6.760159e+002, 1.102733e+004
6.780159e+002, 1.077933e+004
6.800159e+002, 1.046533e+004
6.820159e+002, 1.040000e+004
6.840159e+002, 1.002667e+004
6.860159e+002, 9.976667e+003
6.880159e+002, 9.522000e+003
6.900159e+002, 9.440000e+003
6.920159e+002, 9.281333e+003
6.940159e+002, 9.078000e+003
6.960159e+002, 8.762000e+003
6.980159e+002, 8.805333e+003
7.000159e+002, 8.411333e+003
7.020159e+002, 8.205333e+003
7.040159e+002, 8.054000e+003
7.060159e+002, 7.800667e+003
7.080159e+002, 7.660667e+003
7.100159e+002, 7.544000e+003
7.120159e+002, 7.187333e+003
7.140159e+002, 7.089333e+003
7.160159e+002, 6.892000e+003
7.180159e+002, 6.893333e+003
7.200159e+002, 6.694000e+003
7.220159e+002, 6.429333e+003
7.240159e+002, 6.508000e+003
7.260159e+002, 6.486667e+003
7.280159e+002, 6.329333e+003
7.300159e+002, 6.306000e+003
7.320159e+002, 6.220667e+003
7.340159e+002, 6.144000e+003
7.360159e+002, 5.936000e+003
7.380159e+002, 5.876000e+003
7.400159e+002, 5.808000e+003
7.420159e+002, 5.753333e+003
7.440159e+002, 5.595333e+003
7.460159e+002, 5.442000e+003
7.480159e+002, 5.472000e+003
7.500159e+002, 5.274000e+003
7.520159e+002, 5.366667e+003
7.540159e+002, 5.106000e+003
7.560159e+002, 4.957333e+003
7.580159e+002, 4.868000e+003
7.600159e+002, 4.816000e+003
7.620159e+002, 4.682000e+003
7.640159e+002, 4.629333e+003
7.660159e+002, 4.657333e+003
7.680159e+002, 4.494000e+003
7.700159e+002, 4.354667e+003
7.720159e+002, 4.341333e+003
7.740159e+002, 4.336667e+003
7.760159e+002, 4.220667e+003
7.780159e+002, 4.166667e+003
7.800159e+002, 4.175333e+003
7.820159e+002, 4.158000e+003
7.840159e+002, 4.007333e+003
7.860159e+002, 3.991333e+003
7.880159e+002, 3.964667e+003
7.900159e+002, 3.938000e+003
7.920159e+002, 3.866000e+003
7.940159e+002, 3.834000e+003
7.960159e+002, 3.777333e+003
7.980159e+002, 3.774000e+003
8.000159e+002, 3.740000e+003
8.020159e+002, 3.678667e+003
8.040159e+002, 3.672667e+003
8.060159e+002, 3.694667e+003
8.080159e+002, 3.655333e+003
8.100159e+002, 3.528000e+003
8.120159e+002, 3.674667e+003
8.140159e+002, 3.591333e+003
8.160159e+002, 3.580000e+003
8.180159e+002, 3.487333e+003
8.200159e+002, 3.594000e+003
8.220159e+002, 3.546000e+003
8.240159e+002, 3.524667e+003
8.260159e+002, 3.599333e+003
8.280159e+002, 3.690000e+003
8.300159e+002, 3.516000e+003
8.320159e+002, 3.559333e+003
8.340159e+002, 3.582667e+003
8.360159e+002, 3.677333e+003
8.380159e+002, 3.444667e+003
8.400159e+002, 3.509333e+003
8.420159e+002, 3.590000e+003
8.440159e+002, 3.611333e+003
8.460159e+002, 3.578000e+003
8.480159e+002, 3.594000e+003
#ENDOFDATA   : End Of Data and File